[cool-blue-wallpaper-picture-For-Desktop-Wallpaper.jpg]
text=1;135;14;Utkarsh&#010; Gupta;Arial;0.107535,0.321149,0.167477,0.000000;v1,4294967295,4278190080,128.000000,1.000000,0.000000,1.000000,400,0,49152;;
backuphash=10710
textactive=1
